-21.399026 -21.219371 -20.200544
-21.014397 -20.031931 -104.921262
-21.352165 -20.765807 -60.000000
-21.676896 -21.420702 -84.000000
-18.014371 -19.534361 -17.660998
-19.729573 -19.118977 -98.145516
-19.812244 -17.522630 -62.751840
-13.380931 -18.901302 -13.782240
-15.779900 -14.417280 -13.850937
-15.590915 -12.351629 -90.463332
-13.803149 -9.727677 -16.222570
-13.503629 -14.845340 -90.019104
-6.600000 -9.240000 -8.400000
-8.263200 -6.600000 -90.987593
-10.903200 -6.600000 0.000000
-6.600000 0.000000 -6.000000
-8.400000 0.000000 0.000000
0.000000 0.000000 0.000000
0.000000 0.000000 0.000000
0.000000 0.000000 -8.920800
-6.609600 0.000000 0.000000
0.000000 -5.400000 0.000000
0.000000 -7.560000 -6.000000
-7.560000 -5.400000 -6.720000
0.000000 -4.800000 0.000000
-4.800000 0.000000 -64.953080
0.000000 0.000000 0.000000
0.000000 0.000000 0.000000
-4.200000 -4.200000 0.000000
-4.200000 -4.200000 -4.800000
-5.880000 0.000000 0.000000
-4.200000 0.000000 0.000000
0.000000 0.000000 0.000000
0.000000 0.000000 0.000000
0.000000 0.000000 0.000000
0.000000 0.000000 0.000000
0.000000 0.000000 0.000000
0.000000 0.000000 0.000000
0.000000 0.000000 0.000000
0.000000 0.000000 0.000000
0.000000 0.000000 0.000000
0.000000 0.000000 0.000000
0.000000 0.000000 0.000000
0.000000 0.000000 0.000000
0.000000 0.000000 0.000000
0.000000 0.000000 0.000000
0.000000 0.000000 0.000000
0.000000 0.000000 0.000000
0.000000 0.000000 0.000000
0.000000 0.000000 0.000000
0.000000 0.000000 0.000000
0.000000 0.000000 0.000000
0.000000 0.000000 0.000000
0.000000 0.000000 0.000000
0.000000 0.000000 0.000000
0.000000 0.000000 0.000000
0.000000 0.000000 0.000000
0.000000 0.000000 0.000000
0.000000 -6.000000 -6.600000
-6.000000 0.000000 -64.935782
0.000000 0.000000 -4.200000
0.000000 0.000000 -5.400000
-4.800000 0.000000 0.000000
-4.800000 -4.800000 0.000000
0.000000 0.000000 0.000000
0.000000 0.000000 0.000000
0.000000 0.000000 0.000000
0.000000 0.000000 0.000000
-7.200000 -10.080000 -64.994510
-7.200000 -7.200000 -9.765600
-7.200000 0.000000 -10.260931
-7.200000 -7.200000 -6.552000
-4.956000 0.000000 0.000000
0.000000 0.000000 0.000000
0.000000 0.000000 -64.586479
-4.200000 -4.200000 -4.200000
-3.000000 0.000000 0.000000
0.000000 0.000000 0.000000
0.000000 0.000000 0.000000
0.000000 -3.000000 -3.360000
-2.400000 0.000000 0.000000
-2.400000 0.000000 0.000000
0.000000 -2.400000 -64.538037
-3.360000 0.000000 -2.520000
-1.800000 -1.800000 -1.200000
-1.800000 0.000000 -2.400000
-1.800000 0.000000 0.000000
-1.800000 -2.520000 0.000000
0.000000 -1.200000 0.000000
0.000000 0.000000 -65.090537
0.000000 0.000000 0.000000
0.000000 0.000000 0.000000
0.000000 0.000000 0.000000
0.000000 0.000000 0.000000
0.000000 0.000000 0.000000
0.000000 0.000000 0.000000
